1142723741
1018077463
1679907873
7561847086
7073789967
5219394194
7333872145
8281397440
6856339964
1335458827
5812864170
2299897176
1161430124
7201749571
1754364038
2805191307
6285599212
1990779068
6696381051
1585343568
5712817034
7559630051
1885391898
1290113342
2050004171
7094110211
1315096996
1624454165
7780652952
3129043897
2135256081
1173872941
5781627526
8816762324
1484157332
1731057851
1540049012
6542428310
3704905381
5272541158
7555653819
1116816182
1063848813
1910692583
1039159844
2127013269
6350226527
3842779003
1228741860
1082735767
1396277266
3174460645
1926372455
6652505140
1690686431
9685262652
6675359858
1347432303
6770976011
5895380505
7149010234
3223895657
3637068027
5341448919
9816266523
3178659595
1511776005
5844005420
4147665884
5180142099
1677831759
3611262251
2002111199
8444836949
5535167420
3932417907
1731247132
5983244005
7075304133
2036532781
1841803209
2583179642
4939427374
9167441670
7569766961
5474858657
8417024251
8479635541
4631389477
9367514672
8955527738
1274387152
7723899070
7205830784
2211176458
6451130478
9467397190
7642453755
2516537360
1396552352

